Query: 1
Nearest neighbor-1: 40792
distanceLSH: 1694.589331
distanceTrue: 676.584067
tLSH: 0.000674
tTrue: 0.193882
R-near neighbors:
611
1337
2199
3226
4174
7707
10877
12987
13423
14460
16091
18435
21012
21965
23419
23708
24564
26553
27121
27708
28482
29328
30260
31597
31704
35795
36078
40792
41615
43013
43514
44489
48187
48999
52324
52703
52713
52896
53187
57255
58849

Query: 2
Nearest neighbor-1: 10887
distanceLSH: 2336.023330
distanceTrue: 1162.931640
tLSH: 0.000698
tTrue: 0.203648
R-near neighbors:
74
198
4163
6180
6647
10887
13309
15800
18113
18701
20128
22573
22622
26186
29530
30182
31803
41359
42470
42721
42826
42829
43704
46898
50255
51089
51437
53105
53380
54135
54971
55093
56861
57184

Query: 3
Nearest neighbor-1: 55325
distanceLSH: 842.803654
distanceTrue: 321.662867
tLSH: 0.000689
tTrue: 0.198172
R-near neighbors:
1070
2154
3140
3848
4405
11161
11430
11908
13275
14837
15155
17199
17664
18435
18654
19120
19157
19892
20103
20294
20427
23069
24757
25132
25567
26835
28980
30164
30854
32048
32956
36896
39196
40966
41366
43739
43749
48152
50165
50502
51245
52137
52276
54354
55325
55890
56080
56519

Query: 4
Nearest neighbor-1: 57203
distanceLSH: 2050.883224
distanceTrue: 1221.582580
tLSH: 0.000730
tTrue: 0.215632
R-near neighbors:
2159
5110
6326
6524
6704
6758
7673
10269
11416
11970
14839
16680
16803
21300
22472
23633
25733
26148
26248
26756
26974
28211
28556
29930
29957
30071
30363
30690
31793
33777
35490
35650
36484
36950
37133
38795
40254
40353
40829
42834
43503
46601
48102
49111
51486
53444
54225
55351
55410
57203
57273
59547

Query: 5
Nearest neighbor-1: 42017
distanceLSH: 1787.741312
distanceTrue: 1092.534668
tLSH: 0.000710
tTrue: 0.198559
R-near neighbors:
1187
1804
2773
6771
7106
7270
7687
7824
8214
11094
11567
12213
14176
14938
21887
22064
24472
25056
28236
30495
32092
34656
36135
36518
37864
38011
39206
39350
42017
42429
43011
44428
44477
44535
45266
46247
47682
47833
49047
49686
49703
49836
52277
52702
55252
55504
55770
56089
56726

Query: 6
Nearest neighbor-1: 45278
distanceLSH: 1160.411134
distanceTrue: 298.124135
tLSH: 0.000743
tTrue: 0.199545
R-near neighbors:
1665
3247
4278
4806
5317
7126
9154
9464
11154
11989
12537
12623
14231
14979
16966
17055
17542
19014
20277
21681
22220
22504
23481
24625
27016
27810
31093
34482
34606
34691
34947
37043
39826
40237
40666
40672
41666
41813
44019
45278
46044
46398
50901
51070
51096
51197
53790
57440
58977
59871

Query: 7
Nearest neighbor-1: 2754
distanceLSH: 2181.839362
distanceTrue: 1302.710636
tLSH: 0.000660
tTrue: 0.199423
R-near neighbors:
1295
2754
2759
2948
6425
7051
7364
8544
10848
11410
16607
17429
17440
21547
21606
21655
22830
28587
30549
31607
32783
33229
34454
35658
36676
37764
38852
39225
40799
47799
48785
49662
51422
51522
53168
53776
54476
54741
59210
59374

Query: 8
Nearest neighbor-1: 44712
distanceLSH: 2003.800140
distanceTrue: 1289.698802
tLSH: 0.001261
tTrue: 0.198552
R-near neighbors:
5591
6309
7826
11309
15543
17258
18729
19097
21219
23315
23459
24903
26208
26250
28515
31975
32735
34867
35650
36573
37792
37845
40056
40125
40211
41123
42230
42249
44108
44712
45113
47146
51910
53644
54833
55698
56275
56984
58146
58343
58390
59272

Query: 9
Nearest neighbor-1: 27162
distanceLSH: 2387.289467
distanceTrue: 1735.343770
tLSH: 0.000669
tTrue: 0.222788
R-near neighbors:
201
370
1082
2313
2666
4761
6176
6434
7069
7951
11126
13088
15834
15852
18259
18782
19209
20435
23164
24278
24732
25664
25832
26646
27162
29021
29660
35295
36028
36172
36691
39242
41538
41639
42687
49615
51584
53262
54232
56752
57677
58313

Query: 10
Nearest neighbor-1: 28912
distanceLSH: 1513.837508
distanceTrue: 991.597701
tLSH: 0.000794
tTrue: 0.198336
R-near neighbors:
138
1368
3376
4443
5186
5442
5491
6674
7158
7461
8580
10842
10925
11723
12436
13256
14279
14372
15227
16753
18567
19219
20202
20412
22291
22683
23058
23247
23843
23997
24300
25505
26353
27217
27345
28720
28912
29245
29351
31005
32796
34200
35744
37400
38141
38786
40632
44066
46552
48980
50186
50304
53038
53985
55788
57672
58060
58073

